[
  [ 0.1544313566874664 ],  [ 0.8042286938146205 ],   [ 0.5621384792019578 ],
  [ 0.19599772911433969 ], [ 0.030069093209770196 ], [ 0.26223899712124493 ],
  [ 0.21949832614164405 ], [ 0.8586130499895798 ],   [ 0.2387656898690301 ],
  [ 0.8179974280592885 ],  [ 0.7776771193917441 ],   [ 0.9210679529726635 ],
  [ 0.8011714267010615 ],  [ 0.9529470077335443 ],   [ 0.36638144867375666 ],
  [ 0.8510584762302369 ],  [ 0.1455571759069164 ],   [ 0.2902862345961005 ],
  [ 0.14187652787505353 ], [ 0.21128111622215398 ],  [ 0.5660612027827852 ],
  [ 0.3497601577968575 ],  [ 0.7133376406761842 ],   [ 0.018689644624348415 ],
  [ 0.20095236425157112 ], [ 0.5213601413497347 ],   [ 0.768533319959768 ],
  [ 0.5037102930569495 ],  [ 0.34894991577647816 ],  [ 0.7725913126324812 ],
  [ 0.4785990669830333 ],  [ 0.4958381686956595 ],   [ 0.45753739529226944 ],
  [ 0.46120098215860067 ], [ 0.49182737794185305 ],  [ 0.5720164038553354 ],
  [ 0.7798528130032243 ],  [ 0.17893357990035108 ],  [ 0.6408278885422538 ],
  [ 0.6685234652255019 ],  [ 0.9720301259244359 ],   [ 0.11909357640614239 ],
  [ 0.5050051242811545 ],  [ 0.073093797687434 ],    [ 0.6591006746791538 ],
  [ 0.2590912253867113 ],  [ 1 ],                    [ 0.01835248916906057 ],
  [ 0.49582162092908116 ], [ 0.2643868117295145 ],   [ 0.8117092658844208 ],
  [ 0.42384053720066134 ], [ 0.07208425351738149 ],  [ 0.941218518102464 ],
  [ 0.268614804036827 ],   [ 0.12144968021608889 ],  [ 0.29449691250148285 ],
  [ 0.42112758188414284 ], [ 0.6010725862138596 ],   [ 0.05972432836333751 ],
  [ 0.902927169907841 ],   [ 0.7071094170190623 ],   [ 0.47808732220956374 ],
  [ 0.6819765929353376 ],  [ 0.561234062025423 ],    [ 0.8150870006992764 ],
  [ 0.4389436965210052 ],  [ 0 ],                    [ 0.7570046491050181 ],
  [ 0.9599156817080167 ],  [ 0.15089137316284654 ],  [ 0.8607391556788262 ],
  [ 0.07656974641075491 ], [ 0.03140069802661482 ],  [ 0.7822919751989688 ],
  [ 0.7920413493909928 ],  [ 0.5920486004556871 ],   [ 0.5358901246661743 ],
  [ 0.0897044205180139 ],  [ 0.002560955723183978 ], [ 0.6673288999501359 ],
  [ 0.9044106847072845 ],  [ 0.6821573330234725 ],   [ 0.9052938233420893 ],
  [ 0.4366954849647559 ],  [ 0.43182657177384465 ],  [ 0.9592901421123436 ],
  [ 0.9131554375536256 ],  [ 0.996956339863724 ],    [ 0.5688072712709781 ],
  [ 0.09593333753619113 ], [ 0.7144582825150704 ],   [ 0.8413470655248556 ],
  [ 0.6913804642975157 ],  [ 0.3871319365888761 ],   [ 0.024377801197797467 ],
  [ 0.27854005944917964 ], [ 0.934819478175101 ],    [ 0.768070000517215 ],
  [ 0.48982028684683654 ]
]
[
  [ 1, 0.1544313566874664 ],
  [ 1, 0.8042286938146205 ],
  [ 1, 0.5621384792019578 ],
  [ 1, 0.19599772911433969 ],
  [ 1, 0.030069093209770196 ],
  [ 1, 0.26223899712124493 ],
  [ 1, 0.21949832614164405 ],
  [ 1, 0.8586130499895798 ],
  [ 1, 0.2387656898690301 ],
  [ 1, 0.8179974280592885 ],
  [ 1, 0.7776771193917441 ],
  [ 1, 0.9210679529726635 ],
  [ 1, 0.8011714267010615 ],
  [ 1, 0.9529470077335443 ],
  [ 1, 0.36638144867375666 ],
  [ 1, 0.8510584762302369 ],
  [ 1, 0.1455571759069164 ],
  [ 1, 0.2902862345961005 ],
  [ 1, 0.14187652787505353 ],
  [ 1, 0.21128111622215398 ],
  [ 1, 0.5660612027827852 ],
  [ 1, 0.3497601577968575 ],
  [ 1, 0.7133376406761842 ],
  [ 1, 0.018689644624348415 ],
  [ 1, 0.20095236425157112 ],
  [ 1, 0.5213601413497347 ],
  [ 1, 0.768533319959768 ],
  [ 1, 0.5037102930569495 ],
  [ 1, 0.34894991577647816 ],
  [ 1, 0.7725913126324812 ],
  [ 1, 0.4785990669830333 ],
  [ 1, 0.4958381686956595 ],
  [ 1, 0.45753739529226944 ],
  [ 1, 0.46120098215860067 ],
  [ 1, 0.49182737794185305 ],
  [ 1, 0.5720164038553354 ],
  [ 1, 0.7798528130032243 ],
  [ 1, 0.17893357990035108 ],
  [ 1, 0.6408278885422538 ],
  [ 1, 0.6685234652255019 ],
  [ 1, 0.9720301259244359 ],
  [ 1, 0.11909357640614239 ],
  [ 1, 0.5050051242811545 ],
  [ 1, 0.073093797687434 ],
  [ 1, 0.6591006746791538 ],
  [ 1, 0.2590912253867113 ],
  [ 1, 1 ],
  [ 1, 0.01835248916906057 ],
  [ 1, 0.49582162092908116 ],
  [ 1, 0.2643868117295145 ],
  [ 1, 0.8117092658844208 ],
  [ 1, 0.42384053720066134 ],
  [ 1, 0.07208425351738149 ],
  [ 1, 0.941218518102464 ],
  [ 1, 0.268614804036827 ],
  [ 1, 0.12144968021608889 ],
  [ 1, 0.29449691250148285 ],
  [ 1, 0.42112758188414284 ],
  [ 1, 0.6010725862138596 ],
  [ 1, 0.05972432836333751 ],
  [ 1, 0.902927169907841 ],
  [ 1, 0.7071094170190623 ],
  [ 1, 0.47808732220956374 ],
  [ 1, 0.6819765929353376 ],
  [ 1, 0.561234062025423 ],
  [ 1, 0.8150870006992764 ],
  [ 1, 0.4389436965210052 ],
  [ 1, 0 ],
  [ 1, 0.7570046491050181 ],
  [ 1, 0.9599156817080167 ],
  [ 1, 0.15089137316284654 ],
  [ 1, 0.8607391556788262 ],
  [ 1, 0.07656974641075491 ],
  [ 1, 0.03140069802661482 ],
  [ 1, 0.7822919751989688 ],
  [ 1, 0.7920413493909928 ],
  [ 1, 0.5920486004556871 ],
  [ 1, 0.5358901246661743 ],
  [ 1, 0.0897044205180139 ],
  [ 1, 0.002560955723183978 ],
  [ 1, 0.6673288999501359 ],
  [ 1, 0.9044106847072845 ],
  [ 1, 0.6821573330234725 ],
  [ 1, 0.9052938233420893 ],
  [ 1, 0.4366954849647559 ],
  [ 1, 0.43182657177384465 ],
  [ 1, 0.9592901421123436 ],
  [ 1, 0.9131554375536256 ],
  [ 1, 0.996956339863724 ],
  [ 1, 0.5688072712709781 ],
  [ 1, 0.09593333753619113 ],
  [ 1, 0.7144582825150704 ],
  [ 1, 0.8413470655248556 ],
  [ 1, 0.6913804642975157 ],
  [ 1, 0.3871319365888761 ],
  [ 1, 0.024377801197797467 ],
  [ 1, 0.27854005944917964 ],
  [ 1, 0.934819478175101 ],
  [ 1, 0.768070000517215 ],
  [ 1, 0.48982028684683654 ]
]
[
  [ 1, 0.1544313566874664 ],
  [ 1, 0.8042286938146205 ],
  [ 1, 0.5621384792019578 ],
  [ 1, 0.19599772911433969 ],
  [ 1, 0.030069093209770196 ],
  [ 1, 0.26223899712124493 ],
  [ 1, 0.21949832614164405 ],
  [ 1, 0.8586130499895798 ],
  [ 1, 0.2387656898690301 ],
  [ 1, 0.8179974280592885 ],
  [ 1, 0.7776771193917441 ],
  [ 1, 0.9210679529726635 ],
  [ 1, 0.8011714267010615 ],
  [ 1, 0.9529470077335443 ],
  [ 1, 0.36638144867375666 ],
  [ 1, 0.8510584762302369 ],
  [ 1, 0.1455571759069164 ],
  [ 1, 0.2902862345961005 ],
  [ 1, 0.14187652787505353 ],
  [ 1, 0.21128111622215398 ],
  [ 1, 0.5660612027827852 ],
  [ 1, 0.3497601577968575 ],
  [ 1, 0.7133376406761842 ],
  [ 1, 0.018689644624348415 ],
  [ 1, 0.20095236425157112 ],
  [ 1, 0.5213601413497347 ],
  [ 1, 0.768533319959768 ],
  [ 1, 0.5037102930569495 ],
  [ 1, 0.34894991577647816 ],
  [ 1, 0.7725913126324812 ],
  [ 1, 0.4785990669830333 ],
  [ 1, 0.4958381686956595 ],
  [ 1, 0.45753739529226944 ],
  [ 1, 0.46120098215860067 ],
  [ 1, 0.49182737794185305 ],
  [ 1, 0.5720164038553354 ],
  [ 1, 0.7798528130032243 ],
  [ 1, 0.17893357990035108 ],
  [ 1, 0.6408278885422538 ],
  [ 1, 0.6685234652255019 ],
  [ 1, 0.9720301259244359 ],
  [ 1, 0.11909357640614239 ],
  [ 1, 0.5050051242811545 ],
  [ 1, 0.073093797687434 ],
  [ 1, 0.6591006746791538 ],
  [ 1, 0.2590912253867113 ],
  [ 1, 1 ],
  [ 1, 0.01835248916906057 ],
  [ 1, 0.49582162092908116 ],
  [ 1, 0.2643868117295145 ],
  [ 1, 0.8117092658844208 ],
  [ 1, 0.42384053720066134 ],
  [ 1, 0.07208425351738149 ],
  [ 1, 0.941218518102464 ],
  [ 1, 0.268614804036827 ],
  [ 1, 0.12144968021608889 ],
  [ 1, 0.29449691250148285 ],
  [ 1, 0.42112758188414284 ],
  [ 1, 0.6010725862138596 ],
  [ 1, 0.05972432836333751 ],
  [ 1, 0.902927169907841 ],
  [ 1, 0.7071094170190623 ],
  [ 1, 0.47808732220956374 ],
  [ 1, 0.6819765929353376 ],
  [ 1, 0.561234062025423 ],
  [ 1, 0.8150870006992764 ],
  [ 1, 0.4389436965210052 ],
  [ 1, 0 ],
  [ 1, 0.7570046491050181 ],
  [ 1, 0.9599156817080167 ],
  [ 1, 0.15089137316284654 ],
  [ 1, 0.8607391556788262 ],
  [ 1, 0.07656974641075491 ],
  [ 1, 0.03140069802661482 ],
  [ 1, 0.7822919751989688 ],
  [ 1, 0.7920413493909928 ],
  [ 1, 0.5920486004556871 ],
  [ 1, 0.5358901246661743 ],
  [ 1, 0.0897044205180139 ],
  [ 1, 0.002560955723183978 ],
  [ 1, 0.6673288999501359 ],
  [ 1, 0.9044106847072845 ],
  [ 1, 0.6821573330234725 ],
  [ 1, 0.9052938233420893 ],
  [ 1, 0.4366954849647559 ],
  [ 1, 0.43182657177384465 ],
  [ 1, 0.9592901421123436 ],
  [ 1, 0.9131554375536256 ],
  [ 1, 0.996956339863724 ],
  [ 1, 0.5688072712709781 ],
  [ 1, 0.09593333753619113 ],
  [ 1, 0.7144582825150704 ],
  [ 1, 0.8413470655248556 ],
  [ 1, 0.6913804642975157 ],
  [ 1, 0.3871319365888761 ],
  [ 1, 0.024377801197797467 ],
  [ 1, 0.27854005944917964 ],
  [ 1, 0.934819478175101 ],
  [ 1, 0.768070000517215 ],
  [ 1, 0.48982028684683654 ]
]
[
  -0.9145510143544318, -0.9165355642025761, -0.9829481934056096,
   -0.898667949713319, -0.9762781658763324, -0.9125955951898475,
  -1.0474530886383062, -1.1534925140246615, -0.9725183749369575,
  -1.0820594263494443, -1.1033987586611813, -1.0865390989128256,
  -1.0146761294270412, -1.1690000493145136, -1.1189049103822668,
  -1.1155642118053675, -0.8332359687517679, -0.8717210114732955,
  -0.8348594557420155, -0.9744890188439537, -0.9262641987562723,
  -0.8053889068490878, -1.0818714963974947, -0.9052461678800375,
  -0.7831175585836254, -0.9293813791980328, -0.8828881615833344,
  -0.8763544241312402,  -0.965156230085848,  -1.066349406023663,
  -1.0813594367781398, -1.0598125366265478, -0.8717290287822409,
  -0.9535957463712579, -1.0196826653775233, -0.8492878005007868,
      -0.995694090941, -0.8880717461107709, -1.0793813415862683,
  -0.9917094784471215, -0.9991636540326159,   -0.94605095765101,
  -0.9479714483147558, -0.8158332398083493, -0.8294455864797001,
   -1.012398661077822, -1.1843634227042177, -0.8951379870258254,
  -0.9900885830288741,  -0.961496329722751,  -1.052171046409144,
  -0.8946063312975393, -0.8629140231844535, -1.0729452040199199,
  -1.0186276353946777,  -0.949263290458731, -1.0705567536576213,
   -1.133021767874442, -0.8103886054938491, -1.0597243283633375,
  -0.9508303622156518, -0.9784258334579677, -0.9993307586258142,
   -0.977080141169968, -1.0439795854191043, -0.8804773201825095,
  -0.8884302968041912,  -0.808636508474313, -1.0614414311701224,
   -1.054101018845122, -0.9062450883283134, -0.8651633333157505,
  -0.9262229743610706, -0.8036710788898441, -0.9758093234676378,
  -1.0464723504225502, -1.0904066914742534, -0.8025076110460684,
  -0.8820530445125981, -0.8288126682241589, -0.9221492064460651,
  -1.0640061975514068,  -0.993463652119523, -0.9675653168256592,
  -0.9255946200636234, -0.9236314099179278, -0.9592901421123436,
   -1.130584477148712, -1.0078425691872477, -1.0655891550620007,
  -0.7937094865397244, -1.0935698344635187, -1.0187039093878099,
  -0.9422224036576224, -1.0789508308801343, -0.9505412558376405,
  -0.8113832046974176,  -1.003179482976531, -1.0609755799498788,
  -0.9115109332569473
]
[
  -0.8936032454460188, -0.8889848685937707, -0.9578575016328265,
  -0.8772978034040546, -0.9565941062248218,  -0.890552337108343,
  -1.0258441406123824, -1.1253891908549942, -0.9507136412665986,
   -1.054368819513276, -1.0761178673277665, -1.0578011391835496,
  -0.9871565002900435, -1.1399381500277215, -1.0958034070068674,
  -1.0875376545655304, -0.8123783749823901, -0.8493927509108427,
  -0.8140392629402557, -0.9529635701364791,   -0.90113364616106,
  -0.7824563010038186, -1.0552443917720689, -0.8856777406889993,
  -0.7616970656650892, -0.9047050571993587, -0.8557001851234698,
  -0.8518574513663835, -0.9422318575286588,   -1.03912019420219,
  -1.0571176321644116, -1.0353955565873674, -0.8477012427038558,
  -0.9295307326925784, -0.9953064410568486, -0.8240967340285216,
  -0.9683910912599233, -0.8668749974441666, -1.0534910460412252,
  -0.9655377538282491, -0.9699078413155435, -0.9254622741983541,
  -0.9234613181003771, -0.7957119838900334, -0.8033696117073348,
  -0.9903873891323712, -1.1548233936356955, -0.8755729858456844,
  -0.9656717711401053, -0.9394312465865502, -1.0245443368399365,
  -0.8709209564161532, -0.8428030257664033,  -1.044002483980126,
  -0.9965195894426879, -0.9286506654171109, -1.0481857062199695,
  -1.1093639607346777, -0.7849022841300285, -1.0397389265350991,
  -0.9222767403622343, -0.9518620170332343, -0.9750941541153111,
  -0.9507717123649077,  -1.018898083896853, -0.8528162877034938,
  -0.8645914509123244,  -0.789257996425212, -1.0343706034953597,
  -1.0249683072591356, -0.8853332910227344, -0.8370384056869369,
   -0.906066397530644, -0.7839734881133241, -0.9484815381983959,
  -1.0190454967215272, -1.0650120674952974, -0.7776836423746322,
   -0.861762999467686, -0.8094081329798908, -0.8959896204225691,
   -1.035437500937106, -0.9671533867209812, -0.9389876461830905,
  -0.9017786194117485, -0.8998648848103085, -0.9301637869576052,
  -1.1019269205795328, -0.9783334683230017,  -1.040430698245109,
  -0.7733561462485198, -1.0669313424169742, -0.9907760348131379,
  -0.9158184172536669, -1.0556384710686242,  -0.930915028346772,
  -0.7891743030936333, -0.9743017868898672,  -1.033792311518415,
  -0.8871551040265946
]
[ 0.9617339536522976, 0.9799450494911979 ]
